-7 -1 -1 0 0 32 35 39 44
-7 -1 -1 0 1 35 39 44 45
-7 -1 -1 0 2 39 44 45 47
-7 -1 -1 0 3 44 45 47 51
-7 -1 -1 1 0 32 35 39 42
-7 -1 -1 1 1 35 39 42 44
-7 -1 -1 1 2 39 42 44 47
-7 -1 -1 1 3 42 44 47 51
-7 -1 -1 2 0 32 35 39 46
-7 -1 -1 2 1 35 39 44 46
-7 -1 -1 2 2 39 44 46 47
-7 -1 -1 2 3 44 46 47 51
-7 -1 -1 3 0 32 35 39 49
-7 -1 -1 3 1 35 39 44 49
-7 -1 -1 3 2 39 44 47 49
-7 -1 -1 3 3 44 47 49 51
-7 -1 0 0 0 32 35 39 44
-7 -1 0 0 1 35 39 44 45
-7 -1 0 0 2 39 44 45 47
-7 -1 0 0 3 44 45 47 51
-7 -1 0 1 0 32 35 39 42
-7 -1 0 1 1 35 39 42 44
-7 -1 0 1 2 39 42 44 47
-7 -1 0 1 3 42 44 47 51
-7 -1 0 2 0 32 35 39 46
-7 -1 0 2 1 35 39 44 46
-7 -1 0 2 2 39 44 46 47
-7 -1 0 2 3 44 46 47 51
-7 -1 0 3 0 32 35 39 49
-7 -1 0 3 1 35 39 44 49
-7 -1 0 3 2 39 44 47 49
-7 -1 0 3 3 44 47 49 51
-7 -1 1 0 0 32 36 39 44
-7 -1 1 0 1 36 39 44 45
-7 -1 1 0 2 39 44 45 48
-7 -1 1 0 3 44 45 48 51
-7 -1 1 1 0 32 36 39 42
-7 -1 1 1 1 36 39 42 44
-7 -1 1 1 2 39 42 44 48
-7 -1 1 1 3 42 44 48 51
-7 -1 1 2 0 32 36 39 46
-7 -1 1 2 1 36 39 44 46
-7 -1 1 2 2 39 44 46 48
-7 -1 1 2 3 44 46 48 51
-7 -1 1 3 0 32 36 39 49
-7 -1 1 3 1 36 39 44 49
-7 -1 1 3 2 39 44 48 49
-7 -1 1 3 3 44 48 49 51
-7 0 -1 0 0 33 36 40 45
-7 0 -1 0 1 36 40 45 47
-7 0 -1 0 2 40 45 47 48
-7 0 -1 0 3 45 47 48 52
-7 0 -1 1 0 33 36 40 43
-7 0 -1 1 1 36 40 43 45
-7 0 -1 1 2 40 43 45 48
-7 0 -1 1 3 43 45 48 52
-7 0 -1 2 0 33 36 40 47
-7 0 -1 2 1 36 40 45 47
-7 0 -1 2 2 40 45 47 48
-7 0 -1 2 3 45 47 48 52
-7 0 -1 3 0 33 36 40 50
-7 0 -1 3 1 36 40 45 50
-7 0 -1 3 2 40 45 48 50
-7 0 -1 3 3 45 48 50 52
-7 0 0 0 0 33 36 40 45
-7 0 0 0 1 36 40 45 47
-7 0 0 0 2 40 45 47 48
-7 0 0 0 3 45 47 48 52
-7 0 0 1 0 33 36 40 43
-7 0 0 1 1 36 40 43 45
-7 0 0 1 2 40 43 45 48
-7 0 0 1 3 43 45 48 52
-7 0 0 2 0 33 36 40 47
-7 0 0 2 1 36 40 45 47
-7 0 0 2 2 40 45 47 48
-7 0 0 2 3 45 47 48 52
-7 0 0 3 0 33 36 40 50
-7 0 0 3 1 36 40 45 50
-7 0 0 3 2 40 45 48 50
-7 0 0 3 3 45 48 50 52
-7 0 1 0 0 33 37 40 45
-7 0 1 0 1 37 40 45 47
-7 0 1 0 2 40 45 47 49
-7 0 1 0 3 45 47 49 52
-7 0 1 1 0 33 37 40 43
-7 0 1 1 1 37 40 43 45
-7 0 1 1 2 40 43 45 49
-7 0 1 1 3 43 45 49 52
-7 0 1 2 0 33 37 40 47
-7 0 1 2 1 37 40 45 47
-7 0 1 2 2 40 45 47 49
-7 0 1 2 3 45 47 49 52
-7 0 1 3 0 33 37 40 50
-7 0 1 3 1 37 40 45 50
-7 0 1 3 2 40 45 49 50
-7 0 1 3 3 45 49 50 52
-7 1 -1 0 0 34 37 41 46
-7 1 -1 0 1 37 41 46 47
-7 1 -1 0 2 41 46 47 49
-7 1 -1 0 3 46 47 49 53
-7 1 -1 1 0 34 37 41 44
-7 1 -1 1 1 37 41 44 46
-7 1 -1 1 2 41 44 46 49
-7 1 -1 1 3 44 46 49 53
-7 1 -1 2 0 34 37 41 48
-7 1 -1 2 1 37 41 46 48
-7 1 -1 2 2 41 46 48 49
-7 1 -1 2 3 46 48 49 53
-7 1 -1 3 0 34 37 41 51
-7 1 -1 3 1 37 41 46 51
-7 1 -1 3 2 41 46 49 51
-7 1 -1 3 3 46 49 51 53
-7 1 0 0 0 34 37 41 46
-7 1 0 0 1 37 41 46 47
-7 1 0 0 2 41 46 47 49
-7 1 0 0 3 46 47 49 53
-7 1 0 1 0 34 37 41 44
-7 1 0 1 1 37 41 44 46
-7 1 0 1 2 41 44 46 49
-7 1 0 1 3 44 46 49 53
-7 1 0 2 0 34 37 41 48
-7 1 0 2 1 37 41 46 48
-7 1 0 2 2 41 46 48 49
-7 1 0 2 3 46 48 49 53
-7 1 0 3 0 34 37 41 51
-7 1 0 3 1 37 41 46 51
-7 1 0 3 2 41 46 49 51
-7 1 0 3 3 46 49 51 53
-7 1 1 0 0 34 38 41 46
-7 1 1 0 1 38 41 46 47
-7 1 1 0 2 41 46 47 50
-7 1 1 0 3 46 47 50 53
-7 1 1 1 0 34 38 41 44
-7 1 1 1 1 38 41 44 46
-7 1 1 1 2 41 44 46 50
-7 1 1 1 3 44 46 50 53
-7 1 1 2 0 34 38 41 48
-7 1 1 2 1 38 41 46 48
-7 1 1 2 2 41 46 48 50
-7 1 1 2 3 46 48 50 53
-7 1 1 3 0 34 38 41 51
-7 1 1 3 1 38 41 46 51
-7 1 1 3 2 41 46 50 51
-7 1 1 3 3 46 50 51 53
-6 -1 -1 0 0 34 37 40 46
-6 -1 -1 0 1 37 40 46 47
-6 -1 -1 0 2 40 46 47 49
-6 -1 -1 0 3 46 47 49 52
-6 -1 -1 1 0 34 37 40 44
-6 -1 -1 1 1 37 40 44 46
-6 -1 -1 1 2 40 44 46 49
-6 -1 -1 1 3 44 46 49 52
-6 -1 -1 2 0 34 37 40 47
-6 -1 -1 2 1 37 40 46 47
-6 -1 -1 2 2 40 46 47 49
-6 -1 -1 2 3 46 47 49 52
-6 -1 -1 3 0 34 37 40 51
-6 -1 -1 3 1 37 40 46 51
-6 -1 -1 3 2 40 46 49 51
-6 -1 -1 3 3 46 49 51 52
-6 -1 0 0 0 34 37 40 46
-6 -1 0 0 1 37 40 46 47
-6 -1 0 0 2 40 46 47 49
-6 -1 0 0 3 46 47 49 52
-6 -1 0 1 0 34 37 40 44
-6 -1 0 1 1 37 40 44 46
-6 -1 0 1 2 40 44 46 49
-6 -1 0 1 3 44 46 49 52
-6 -1 0 2 0 34 37 40 47
-6 -1 0 2 1 37 40 46 47
-6 -1 0 2 2 40 46 47 49
-6 -1 0 2 3 46 47 49 52
-6 -1 0 3 0 34 37 40 51
-6 -1 0 3 1 37 40 46 51
-6 -1 0 3 2 40 46 49 51
-6 -1 0 3 3 46 49 51 52
-6 -1 1 0 0 34 38 40 46
-6 -1 1 0 1 38 40 46 47
-6 -1 1 0 2 40 46 47 50
-6 -1 1 0 3 46 47 50 52
-6 -1 1 1 0 34 38 40 44
-6 -1 1 1 1 38 40 44 46
-6 -1 1 1 2 40 44 46 50
-6 -1 1 1 3 44 46 50 52
-6 -1 1 2 0 34 38 40 47
-6 -1 1 2 1 38 40 46 47
-6 -1 1 2 2 40 46 47 50
-6 -1 1 2 3 46 47 50 52
-6 -1 1 3 0 34 38 40 51
-6 -1 1 3 1 38 40 46 51
-6 -1 1 3 2 40 46 50 51
-6 -1 1 3 3 46 50 51 52
-6 0 -1 0 0 35 38 41 47
-6 0 -1 0 1 38 41 47 48
-6 0 -1 0 2 41 47 48 50
-6 0 -1 0 3 47 48 50 53
-6 0 -1 1 0 35 38 41 45
-6 0 -1 1 1 38 41 45 47
-6 0 -1 1 2 41 45 47 50
-6 0 -1 1 3 45 47 50 53
-6 0 -1 2 0 35 38 41 48
-6 0 -1 2 1 38 41 47 48
-6 0 -1 2 2 41 47 48 50
-6 0 -1 2 3 47 48 50 53
-6 0 -1 3 0 35 38 41 52
-6 0 -1 3 1 38 41 47 52
-6 0 -1 3 2 41 47 50 52
-6 0 -1 3 3 47 50 52 53
-6 0 0 0 0 35 38 41 47
-6 0 0 0 1 38 41 47 48
-6 0 0 0 2 41 47 48 50
-6 0 0 0 3 47 48 50 53
-6 0 0 1 0 35 38 41 45
-6 0 0 1 1 38 41 45 47
-6 0 0 1 2 41 45 47 50
-6 0 0 1 3 45 47 50 53
-6 0 0 2 0 35 38 41 48
-6 0 0 2 1 38 41 47 48
-6 0 0 2 2 41 47 48 50
-6 0 0 2 3 47 48 50 53
-6 0 0 3 0 35 38 41 52
-6 0 0 3 1 38 41 47 52
-6 0 0 3 2 41 47 50 52
-6 0 0 3 3 47 50 52 53
-6 0 1 0 0 35 39 41 47
-6 0 1 0 1 39 41 47 48
-6 0 1 0 2 41 47 48 51
-6 0 1 0 3 47 48 51 53
-6 0 1 1 0 35 39 41 45
-6 0 1 1 1 39 41 45 47
-6 0 1 1 2 41 45 47 51
-6 0 1 1 3 45 47 51 53
-6 0 1 2 0 35 39 41 48
-6 0 1 2 1 39 41 47 48
-6 0 1 2 2 41 47 48 51
-6 0 1 2 3 47 48 51 53
-6 0 1 3 0 35 39 41 52
-6 0 1 3 1 39 41 47 52
-6 0 1 3 2 41 47 51 52
-6 0 1 3 3 47 51 52 53
-6 1 -1 0 0 36 39 42 48
-6 1 -1 0 1 39 42 48 50
-6 1 -1 0 2 42 48 50 51
-6 1 -1 0 3 48 50 51 54
-6 1 -1 1 0 36 39 42 46
-6 1 -1 1 1 39 42 46 48
-6 1 -1 1 2 42 46 48 51
-6 1 -1 1 3 46 48 51 54
-6 1 -1 2 0 36 39 42 49
-6 1 -1 2 1 39 42 48 49
-6 1 -1 2 2 42 48 49 51
-6 1 -1 2 3 48 49 51 54
-6 1 -1 3 0 36 39 42 53
-6 1 -1 3 1 39 42 48 53
-6 1 -1 3 2 42 48 51 53
-6 1 -1 3 3 48 51 53 54
-6 1 0 0 0 36 39 42 48
-6 1 0 0 1 39 42 48 50
-6 1 0 0 2 42 48 50 51
-6 1 0 0 3 48 50 51 54
-6 1 0 1 0 36 39 42 46
-6 1 0 1 1 39 42 46 48
-6 1 0 1 2 42 46 48 51
-6 1 0 1 3 46 48 51 54
-6 1 0 2 0 36 39 42 49
-6 1 0 2 1 39 42 48 49
-6 1 0 2 2 42 48 49 51
-6 1 0 2 3 48 49 51 54
-6 1 0 3 0 36 39 42 53
-6 1 0 3 1 39 42 48 53
-6 1 0 3 2 42 48 51 53
-6 1 0 3 3 48 51 53 54
-6 1 1 0 0 36 40 42 48
-6 1 1 0 1 40 42 48 50
-6 1 1 0 2 42 48 50 52
-6 1 1 0 3 48 50 52 54
-6 1 1 1 0 36 40 42 46
-6 1 1 1 1 40 42 46 48
-6 1 1 1 2 42 46 48 52
-6 1 1 1 3 46 48 52 54
-6 1 1 2 0 36 40 42 49
-6 1 1 2 1 40 42 48 49
-6 1 1 2 2 42 48 49 52
-6 1 1 2 3 48 49 52 54
-6 1 1 3 0 36 40 42 53
-6 1 1 3 1 40 42 48 53
-6 1 1 3 2 42 48 52 53
-6 1 1 3 3 48 52 53 54
-5 -1 -1 0 0 35 38 42 47
-5 -1 -1 0 1 38 42 47 48
-5 -1 -1 0 2 42 47 48 50
-5 -1 -1 0 3 47 48 50 54
-5 -1 -1 1 0 35 38 42 46
-5 -1 -1 1 1 38 42 46 47
-5 -1 -1 1 2 42 46 47 50
-5 -1 -1 1 3 46 47 50 54
-5 -1 -1 2 0 35 38 42 49
-5 -1 -1 2 1 38 42 47 49
-5 -1 -1 2 2 42 47 49 50
-5 -1 -1 2 3 47 49 50 54
-5 -1 -1 3 0 35 38 42 52
-5 -1 -1 3 1 38 42 47 52
-5 -1 -1 3 2 42 47 50 52
-5 -1 -1 3 3 47 50 52 54
-5 -1 0 0 0 35 39 42 47
-5 -1 0 0 1 39 42 47 48
-5 -1 0 0 2 42 47 48 51
-5 -1 0 0 3 47 48 51 54
-5 -1 0 1 0 35 39 42 46
-5 -1 0 1 1 39 42 46 47
-5 -1 0 1 2 42 46 47 51
-5 -1 0 1 3 46 47 51 54
-5 -1 0 2 0 35 39 42 49
-5 -1 0 2 1 39 42 47 49
-5 -1 0 2 2 42 47 49 51
-5 -1 0 2 3 47 49 51 54
-5 -1 0 3 0 35 39 42 52
-5 -1 0 3 1 39 42 47 52
-5 -1 0 3 2 42 47 51 52
-5 -1 0 3 3 47 51 52 54
-5 -1 1 0 0 35 39 42 47
-5 -1 1 0 1 39 42 47 48
-5 -1 1 0 2 42 47 48 51
-5 -1 1 0 3 47 48 51 54
-5 -1 1 1 0 35 39 42 46
-5 -1 1 1 1 39 42 46 47
-5 -1 1 1 2 42 46 47 51
-5 -1 1 1 3 46 47 51 54
-5 -1 1 2 0 35 39 42 49
-5 -1 1 2 1 39 42 47 49
-5 -1 1 2 2 42 47 49 51
-5 -1 1 2 3 47 49 51 54
-5 -1 1 3 0 35 39 42 52
-5 -1 1 3 1 39 42 47 52
-5 -1 1 3 2 42 47 51 52
-5 -1 1 3 3 47 51 52 54
-5 0 -1 0 0 36 39 43 48
-5 0 -1 0 1 39 43 48 50
-5 0 -1 0 2 43 48 50 51
-5 0 -1 0 3 48 50 51 55
-5 0 -1 1 0 36 39 43 47
-5 0 -1 1 1 39 43 47 48
-5 0 -1 1 2 43 47 48 51
-5 0 -1 1 3 47 48 51 55
-5 0 -1 2 0 36 39 43 50
-5 0 -1 2 1 39 43 48 50
-5 0 -1 2 2 43 48 50 51
-5 0 -1 2 3 48 50 51 55
-5 0 -1 3 0 36 39 43 53
-5 0 -1 3 1 39 43 48 53
-5 0 -1 3 2 43 48 51 53
-5 0 -1 3 3 48 51 53 55
-5 0 0 0 0 36 40 43 48
-5 0 0 0 1 40 43 48 50
-5 0 0 0 2 43 48 50 52
-5 0 0 0 3 48 50 52 55
-5 0 0 1 0 36 40 43 47
-5 0 0 1 1 40 43 47 48
-5 0 0 1 2 43 47 48 52
-5 0 0 1 3 47 48 52 55
-5 0 0 2 0 36 40 43 50
-5 0 0 2 1 40 43 48 50
-5 0 0 2 2 43 48 50 52
-5 0 0 2 3 48 50 52 55
-5 0 0 3 0 36 40 43 53
-5 0 0 3 1 40 43 48 53
-5 0 0 3 2 43 48 52 53
-5 0 0 3 3 48 52 53 55
-5 0 1 0 0 36 40 43 48
-5 0 1 0 1 40 43 48 50
-5 0 1 0 2 43 48 50 52
-5 0 1 0 3 48 50 52 55
-5 0 1 1 0 36 40 43 47
-5 0 1 1 1 40 43 47 48
-5 0 1 1 2 43 47 48 52
-5 0 1 1 3 47 48 52 55
-5 0 1 2 0 36 40 43 50
-5 0 1 2 1 40 43 48 50
-5 0 1 2 2 43 48 50 52
-5 0 1 2 3 48 50 52 55
-5 0 1 3 0 36 40 43 53
-5 0 1 3 1 40 43 48 53
-5 0 1 3 2 43 48 52 53
-5 0 1 3 3 48 52 53 55
-5 1 -1 0 0 37 40 44 49
-5 1 -1 0 1 40 44 49 50
-5 1 -1 0 2 44 49 50 52
-5 1 -1 0 3 49 50 52 56
-5 1 -1 1 0 37 40 44 48
-5 1 -1 1 1 40 44 48 49
-5 1 -1 1 2 44 48 49 52
-5 1 -1 1 3 48 49 52 56
-5 1 -1 2 0 37 40 44 51
-5 1 -1 2 1 40 44 49 51
-5 1 -1 2 2 44 49 51 52
-5 1 -1 2 3 49 51 52 56
-5 1 -1 3 0 37 40 44 54
-5 1 -1 3 1 40 44 49 54
-5 1 -1 3 2 44 49 52 54
-5 1 -1 3 3 49 52 54 56
-5 1 0 0 0 37 41 44 49
-5 1 0 0 1 41 44 49 50
-5 1 0 0 2 44 49 50 53
-5 1 0 0 3 49 50 53 56
-5 1 0 1 0 37 41 44 48
-5 1 0 1 1 41 44 48 49
-5 1 0 1 2 44 48 49 53
-5 1 0 1 3 48 49 53 56
-5 1 0 2 0 37 41 44 51
-5 1 0 2 1 41 44 49 51
-5 1 0 2 2 44 49 51 53
-5 1 0 2 3 49 51 53 56
-5 1 0 3 0 37 41 44 54
-5 1 0 3 1 41 44 49 54
-5 1 0 3 2 44 49 53 54
-5 1 0 3 3 49 53 54 56
-5 1 1 0 0 37 41 44 49
-5 1 1 0 1 41 44 49 50
-5 1 1 0 2 44 49 50 53
-5 1 1 0 3 49 50 53 56
-5 1 1 1 0 37 41 44 48
-5 1 1 1 1 41 44 48 49
-5 1 1 1 2 44 48 49 53
-5 1 1 1 3 48 49 53 56
-5 1 1 2 0 37 41 44 51
-5 1 1 2 1 41 44 49 51
-5 1 1 2 2 44 49 51 53
-5 1 1 2 3 49 51 53 56
-5 1 1 3 0 37 41 44 54
-5 1 1 3 1 41 44 49 54
-5 1 1 3 2 44 49 53 54
-5 1 1 3 3 49 53 54 56
-4 -1 -1 0 0 37 40 44 49
-4 -1 -1 0 1 40 44 49 50
-4 -1 -1 0 2 44 49 50 52
-4 -1 -1 0 3 49 50 52 56
-4 -1 -1 1 0 37 40 44 47
-4 -1 -1 1 1 40 44 47 49
-4 -1 -1 1 2 44 47 49 52
-4 -1 -1 1 3 47 49 52 56
-4 -1 -1 2 0 37 40 44 51
-4 -1 -1 2 1 40 44 49 51
-4 -1 -1 2 2 44 49 51 52
-4 -1 -1 2 3 49 51 52 56
-4 -1 -1 3 0 37 40 44 54
-4 -1 -1 3 1 40 44 49 54
-4 -1 -1 3 2 44 49 52 54
-4 -1 -1 3 3 49 52 54 56
-4 -1 0 0 0 37 40 44 49
-4 -1 0 0 1 40 44 49 50
-4 -1 0 0 2 44 49 50 52
-4 -1 0 0 3 49 50 52 56
-4 -1 0 1 0 37 40 44 47
-4 -1 0 1 1 40 44 47 49
-4 -1 0 1 2 44 47 49 52
-4 -1 0 1 3 47 49 52 56
-4 -1 0 2 0 37 40 44 51
-4 -1 0 2 1 40 44 49 51
-4 -1 0 2 2 44 49 51 52
-4 -1 0 2 3 49 51 52 56
-4 -1 0 3 0 37 40 44 54
-4 -1 0 3 1 40 44 49 54
-4 -1 0 3 2 44 49 52 54
-4 -1 0 3 3 49 52 54 56
-4 -1 1 0 0 37 41 44 49
-4 -1 1 0 1 41 44 49 50
-4 -1 1 0 2 44 49 50 53
-4 -1 1 0 3 49 50 53 56
-4 -1 1 1 0 37 41 44 47
-4 -1 1 1 1 41 44 47 49
-4 -1 1 1 2 44 47 49 53
-4 -1 1 1 3 47 49 53 56
-4 -1 1 2 0 37 41 44 51
-4 -1 1 2 1 41 44 49 51
-4 -1 1 2 2 44 49 51 53
-4 -1 1 2 3 49 51 53 56
-4 -1 1 3 0 37 41 44 54
-4 -1 1 3 1 41 44 49 54
-4 -1 1 3 2 44 49 53 54
-4 -1 1 3 3 49 53 54 56
-4 0 -1 0 0 38 41 45 50
-4 0 -1 0 1 41 45 50 52
-4 0 -1 0 2 45 50 52 53
-4 0 -1 0 3 50 52 53 57
-4 0 -1 1 0 38 41 45 48
-4 0 -1 1 1 41 45 48 50
-4 0 -1 1 2 45 48 50 53
-4 0 -1 1 3 48 50 53 57
-4 0 -1 2 0 38 41 45 52
-4 0 -1 2 1 41 45 50 52
-4 0 -1 2 2 45 50 52 53
-4 0 -1 2 3 50 52 53 57
-4 0 -1 3 0 38 41 45 55
-4 0 -1 3 1 41 45 50 55
-4 0 -1 3 2 45 50 53 55
-4 0 -1 3 3 50 53 55 57
-4 0 0 0 0 38 41 45 50
-4 0 0 0 1 41 45 50 52
-4 0 0 0 2 45 50 52 53
-4 0 0 0 3 50 52 53 57
-4 0 0 1 0 38 41 45 48
-4 0 0 1 1 41 45 48 50
-4 0 0 1 2 45 48 50 53
-4 0 0 1 3 48 50 53 57
-4 0 0 2 0 38 41 45 52
-4 0 0 2 1 41 45 50 52
-4 0 0 2 2 45 50 52 53
-4 0 0 2 3 50 52 53 57
-4 0 0 3 0 38 41 45 55
-4 0 0 3 1 41 45 50 55
-4 0 0 3 2 45 50 53 55
-4 0 0 3 3 50 53 55 57
-4 0 1 0 0 38 42 45 50
-4 0 1 0 1 42 45 50 52
-4 0 1 0 2 45 50 52 54
-4 0 1 0 3 50 52 54 57
-4 0 1 1 0 38 42 45 48
-4 0 1 1 1 42 45 48 50
-4 0 1 1 2 45 48 50 54
-4 0 1 1 3 48 50 54 57
-4 0 1 2 0 38 42 45 52
-4 0 1 2 1 42 45 50 52
-4 0 1 2 2 45 50 52 54
-4 0 1 2 3 50 52 54 57
-4 0 1 3 0 38 42 45 55
-4 0 1 3 1 42 45 50 55
-4 0 1 3 2 45 50 54 55
-4 0 1 3 3 50 54 55 57
-4 1 -1 0 0 39 42 46 51
-4 1 -1 0 1 42 46 51 52
-4 1 -1 0 2 46 51 52 54
-4 1 -1 0 3 51 52 54 58
-4 1 -1 1 0 39 42 46 49
-4 1 -1 1 1 42 46 49 51
-4 1 -1 1 2 46 49 51 54
-4 1 -1 1 3 49 51 54 58
-4 1 -1 2 0 39 42 46 53
-4 1 -1 2 1 42 46 51 53
-4 1 -1 2 2 46 51 53 54
-4 1 -1 2 3 51 53 54 58
-4 1 -1 3 0 39 42 46 56
-4 1 -1 3 1 42 46 51 56
-4 1 -1 3 2 46 51 54 56
-4 1 -1 3 3 51 54 56 58
-4 1 0 0 0 39 42 46 51
-4 1 0 0 1 42 46 51 52
-4 1 0 0 2 46 51 52 54
-4 1 0 0 3 51 52 54 58
-4 1 0 1 0 39 42 46 49
-4 1 0 1 1 42 46 49 51
-4 1 0 1 2 46 49 51 54
-4 1 0 1 3 49 51 54 58
-4 1 0 2 0 39 42 46 53
-4 1 0 2 1 42 46 51 53
-4 1 0 2 2 46 51 53 54
-4 1 0 2 3 51 53 54 58
-4 1 0 3 0 39 42 46 56
-4 1 0 3 1 42 46 51 56
-4 1 0 3 2 46 51 54 56
-4 1 0 3 3 51 54 56 58
-4 1 1 0 0 39 43 46 51
-4 1 1 0 1 43 46 51 52
-4 1 1 0 2 46 51 52 55
-4 1 1 0 3 51 52 55 58
-4 1 1 1 0 39 43 46 49
-4 1 1 1 1 43 46 49 51
-4 1 1 1 2 46 49 51 55
-4 1 1 1 3 49 51 55 58
-4 1 1 2 0 39 43 46 53
-4 1 1 2 1 43 46 51 53
-4 1 1 2 2 46 51 53 55
-4 1 1 2 3 51 53 55 58
-4 1 1 3 0 39 43 46 56
-4 1 1 3 1 43 46 51 56
-4 1 1 3 2 46 51 55 56
-4 1 1 3 3 51 55 56 58
-3 -1 -1 0 0 39 42 46 51
-3 -1 -1 0 1 42 46 51 52
-3 -1 -1 0 2 46 51 52 54
-3 -1 -1 0 3 51 52 54 58
-3 -1 -1 1 0 39 42 46 49
-3 -1 -1 1 1 42 46 49 51
-3 -1 -1 1 2 46 49 51 54
-3 -1 -1 1 3 49 51 54 58
-3 -1 -1 2 0 39 42 46 52
-3 -1 -1 2 1 42 46 51 52
-3 -1 -1 2 2 46 51 52 54
-3 -1 -1 2 3 51 52 54 58
-3 -1 -1 3 0 39 42 46 56
-3 -1 -1 3 1 42 46 51 56
-3 -1 -1 3 2 46 51 54 56
-3 -1 -1 3 3 51 54 56 58
-3 -1 0 0 0 39 42 46 51
-3 -1 0 0 1 42 46 51 52
-3 -1 0 0 2 46 51 52 54
-3 -1 0 0 3 51 52 54 58
-3 -1 0 1 0 39 42 46 49
-3 -1 0 1 1 42 46 49 51
-3 -1 0 1 2 46 49 51 54
-3 -1 0 1 3 49 51 54 58
-3 -1 0 2 0 39 42 46 52
-3 -1 0 2 1 42 46 51 52
-3 -1 0 2 2 46 51 52 54
-3 -1 0 2 3 51 52 54 58
-3 -1 0 3 0 39 42 46 56
-3 -1 0 3 1 42 46 51 56
-3 -1 0 3 2 46 51 54 56
-3 -1 0 3 3 51 54 56 58
-3 -1 1 0 0 39 43 46 51
-3 -1 1 0 1 43 46 51 52
-3 -1 1 0 2 46 51 52 55
-3 -1 1 0 3 51 52 55 58
-3 -1 1 1 0 39 43 46 49
-3 -1 1 1 1 43 46 49 51
-3 -1 1 1 2 46 49 51 55
-3 -1 1 1 3 49 51 55 58
-3 -1 1 2 0 39 43 46 52
-3 -1 1 2 1 43 46 51 52
-3 -1 1 2 2 46 51 52 55
-3 -1 1 2 3 51 52 55 58
-3 -1 1 3 0 39 43 46 56
-3 -1 1 3 1 43 46 51 56
-3 -1 1 3 2 46 51 55 56
-3 -1 1 3 3 51 55 56 58
-3 0 -1 0 0 40 43 47 52
-3 0 -1 0 1 43 47 52 53
-3 0 -1 0 2 47 52 53 55
-3 0 -1 0 3 52 53 55 59
-3 0 -1 1 0 40 43 47 50
-3 0 -1 1 1 43 47 50 52
-3 0 -1 1 2 47 50 52 55
-3 0 -1 1 3 50 52 55 59
-3 0 -1 2 0 40 43 47 53
-3 0 -1 2 1 43 47 52 53
-3 0 -1 2 2 47 52 53 55
-3 0 -1 2 3 52 53 55 59
-3 0 -1 3 0 40 43 47 57
-3 0 -1 3 1 43 47 52 57
-3 0 -1 3 2 47 52 55 57
-3 0 -1 3 3 52 55 57 59
-3 0 0 0 0 40 43 47 52
-3 0 0 0 1 43 47 52 53
-3 0 0 0 2 47 52 53 55
-3 0 0 0 3 52 53 55 59
-3 0 0 1 0 40 43 47 50
-3 0 0 1 1 43 47 50 52
-3 0 0 1 2 47 50 52 55
-3 0 0 1 3 50 52 55 59
-3 0 0 2 0 40 43 47 53
-3 0 0 2 1 43 47 52 53
-3 0 0 2 2 47 52 53 55
-3 0 0 2 3 52 53 55 59
-3 0 0 3 0 40 43 47 57
-3 0 0 3 1 43 47 52 57
-3 0 0 3 2 47 52 55 57
-3 0 0 3 3 52 55 57 59
-3 0 1 0 0 40 44 47 52
-3 0 1 0 1 44 47 52 53
-3 0 1 0 2 47 52 53 56
-3 0 1 0 3 52 53 56 59
-3 0 1 1 0 40 44 47 50
-3 0 1 1 1 44 47 50 52
-3 0 1 1 2 47 50 52 56
-3 0 1 1 3 50 52 56 59
-3 0 1 2 0 40 44 47 53
-3 0 1 2 1 44 47 52 53
-3 0 1 2 2 47 52 53 56
-3 0 1 2 3 52 53 56 59
-3 0 1 3 0 40 44 47 57
-3 0 1 3 1 44 47 52 57
-3 0 1 3 2 47 52 56 57
-3 0 1 3 3 52 56 57 59
-3 1 -1 0 0 41 44 48 53
-3 1 -1 0 1 44 48 53 55
-3 1 -1 0 2 48 53 55 56
-3 1 -1 0 3 53 55 56 60
-3 1 -1 1 0 41 44 48 51
-3 1 -1 1 1 44 48 51 53
-3 1 -1 1 2 48 51 53 56
-3 1 -1 1 3 51 53 56 60
-3 1 -1 2 0 41 44 48 54
-3 1 -1 2 1 44 48 53 54
-3 1 -1 2 2 48 53 54 56
-3 1 -1 2 3 53 54 56 60
-3 1 -1 3 0 41 44 48 58
-3 1 -1 3 1 44 48 53 58
-3 1 -1 3 2 48 53 56 58
-3 1 -1 3 3 53 56 58 60
-3 1 0 0 0 41 44 48 53
-3 1 0 0 1 44 48 53 55
-3 1 0 0 2 48 53 55 56
-3 1 0 0 3 53 55 56 60
-3 1 0 1 0 41 44 48 51
-3 1 0 1 1 44 48 51 53
-3 1 0 1 2 48 51 53 56
-3 1 0 1 3 51 53 56 60
-3 1 0 2 0 41 44 48 54
-3 1 0 2 1 44 48 53 54
-3 1 0 2 2 48 53 54 56
-3 1 0 2 3 53 54 56 60
-3 1 0 3 0 41 44 48 58
-3 1 0 3 1 44 48 53 58
-3 1 0 3 2 48 53 56 58
-3 1 0 3 3 53 56 58 60
-3 1 1 0 0 41 45 48 53
-3 1 1 0 1 45 48 53 55
-3 1 1 0 2 48 53 55 57
-3 1 1 0 3 53 55 57 60
-3 1 1 1 0 41 45 48 51
-3 1 1 1 1 45 48 51 53
-3 1 1 1 2 48 51 53 57
-3 1 1 1 3 51 53 57 60
-3 1 1 2 0 41 45 48 54
-3 1 1 2 1 45 48 53 54
-3 1 1 2 2 48 53 54 57
-3 1 1 2 3 53 54 57 60
-3 1 1 3 0 41 45 48 58
-3 1 1 3 1 45 48 53 58
-3 1 1 3 2 48 53 57 58
-3 1 1 3 3 53 57 58 60
-2 -1 -1 0 0 40 43 47 52
-2 -1 -1 0 1 43 47 52 53
-2 -1 -1 0 2 47 52 53 55
-2 -1 -1 0 3 52 53 55 59
-2 -1 -1 1 0 40 43 47 51
-2 -1 -1 1 1 43 47 51 52
-2 -1 -1 1 2 47 51 52 55
-2 -1 -1 1 3 51 52 55 59
-2 -1 -1 2 0 40 43 47 54
-2 -1 -1 2 1 43 47 52 54
-2 -1 -1 2 2 47 52 54 55
-2 -1 -1 2 3 52 54 55 59
-2 -1 -1 3 0 40 43 47 58
-2 -1 -1 3 1 43 47 52 58
-2 -1 -1 3 2 47 52 55 58
-2 -1 -1 3 3 52 55 58 59
-2 -1 0 0 0 40 44 47 52
-2 -1 0 0 1 44 47 52 53
-2 -1 0 0 2 47 52 53 56
-2 -1 0 0 3 52 53 56 59
-2 -1 0 1 0 40 44 47 51
-2 -1 0 1 1 44 47 51 52
-2 -1 0 1 2 47 51 52 56
-2 -1 0 1 3 51 52 56 59
-2 -1 0 2 0 40 44 47 54
-2 -1 0 2 1 44 47 52 54
-2 -1 0 2 2 47 52 54 56
-2 -1 0 2 3 52 54 56 59
-2 -1 0 3 0 40 44 47 58
-2 -1 0 3 1 44 47 52 58
-2 -1 0 3 2 47 52 56 58
-2 -1 0 3 3 52 56 58 59
-2 -1 1 0 0 40 44 47 52
-2 -1 1 0 1 44 47 52 53
-2 -1 1 0 2 47 52 53 56
-2 -1 1 0 3 52 53 56 59
-2 -1 1 1 0 40 44 47 51
-2 -1 1 1 1 44 47 51 52
-2 -1 1 1 2 47 51 52 56
-2 -1 1 1 3 51 52 56 59
-2 -1 1 2 0 40 44 47 54
-2 -1 1 2 1 44 47 52 54
-2 -1 1 2 2 47 52 54 56
-2 -1 1 2 3 52 54 56 59
-2 -1 1 3 0 40 44 47 58
-2 -1 1 3 1 44 47 52 58
-2 -1 1 3 2 47 52 56 58
-2 -1 1 3 3 52 56 58 59
-2 0 -1 0 0 41 44 48 53
-2 0 -1 0 1 44 48 53 55
-2 0 -1 0 2 48 53 55 56
-2 0 -1 0 3 53 55 56 60
-2 0 -1 1 0 41 44 48 52
-2 0 -1 1 1 44 48 52 53
-2 0 -1 1 2 48 52 53 56
-2 0 -1 1 3 52 53 56 60
-2 0 -1 2 0 41 44 48 55
-2 0 -1 2 1 44 48 53 55
-2 0 -1 2 2 48 53 55 56
-2 0 -1 2 3 53 55 56 60
-2 0 -1 3 0 41 44 48 59
-2 0 -1 3 1 44 48 53 59
-2 0 -1 3 2 48 53 56 59
-2 0 -1 3 3 53 56 59 60
-2 0 0 0 0 41 45 48 53
-2 0 0 0 1 45 48 53 55
-2 0 0 0 2 48 53 55 57
-2 0 0 0 3 53 55 57 60
-2 0 0 1 0 41 45 48 52
-2 0 0 1 1 45 48 52 53
-2 0 0 1 2 48 52 53 57
-2 0 0 1 3 52 53 57 60
-2 0 0 2 0 41 45 48 55
-2 0 0 2 1 45 48 53 55
-2 0 0 2 2 48 53 55 57
-2 0 0 2 3 53 55 57 60
-2 0 0 3 0 41 45 48 59
-2 0 0 3 1 45 48 53 59
-2 0 0 3 2 48 53 57 59
-2 0 0 3 3 53 57 59 60
-2 0 1 0 0 41 45 48 53
-2 0 1 0 1 45 48 53 55
-2 0 1 0 2 48 53 55 57
-2 0 1 0 3 53 55 57 60
-2 0 1 1 0 41 45 48 52
-2 0 1 1 1 45 48 52 53
-2 0 1 1 2 48 52 53 57
-2 0 1 1 3 52 53 57 60
-2 0 1 2 0 41 45 48 55
-2 0 1 2 1 45 48 53 55
-2 0 1 2 2 48 53 55 57
-2 0 1 2 3 53 55 57 60
-2 0 1 3 0 41 45 48 59
-2 0 1 3 1 45 48 53 59
-2 0 1 3 2 48 53 57 59
-2 0 1 3 3 53 57 59 60
-2 1 -1 0 0 42 45 49 54
-2 1 -1 0 1 45 49 54 55
-2 1 -1 0 2 49 54 55 57
-2 1 -1 0 3 54 55 57 61
-2 1 -1 1 0 42 45 49 53
-2 1 -1 1 1 45 49 53 54
-2 1 -1 1 2 49 53 54 57
-2 1 -1 1 3 53 54 57 61
-2 1 -1 2 0 42 45 49 56
-2 1 -1 2 1 45 49 54 56
-2 1 -1 2 2 49 54 56 57
-2 1 -1 2 3 54 56 57 61
-2 1 -1 3 0 42 45 49 60
-2 1 -1 3 1 45 49 54 60
-2 1 -1 3 2 49 54 57 60
-2 1 -1 3 3 54 57 60 61
-2 1 0 0 0 42 46 49 54
-2 1 0 0 1 46 49 54 55
-2 1 0 0 2 49 54 55 58
-2 1 0 0 3 54 55 58 61
-2 1 0 1 0 42 46 49 53
-2 1 0 1 1 46 49 53 54
-2 1 0 1 2 49 53 54 58
-2 1 0 1 3 53 54 58 61
-2 1 0 2 0 42 46 49 56
-2 1 0 2 1 46 49 54 56
-2 1 0 2 2 49 54 56 58
-2 1 0 2 3 54 56 58 61
-2 1 0 3 0 42 46 49 60
-2 1 0 3 1 46 49 54 60
-2 1 0 3 2 49 54 58 60
-2 1 0 3 3 54 58 60 61
-2 1 1 0 0 42 46 49 54
-2 1 1 0 1 46 49 54 55
-2 1 1 0 2 49 54 55 58
-2 1 1 0 3 54 55 58 61
-2 1 1 1 0 42 46 49 53
-2 1 1 1 1 46 49 53 54
-2 1 1 1 2 49 53 54 58
-2 1 1 1 3 53 54 58 61
-2 1 1 2 0 42 46 49 56
-2 1 1 2 1 46 49 54 56
-2 1 1 2 2 49 54 56 58
-2 1 1 2 3 54 56 58 61
-2 1 1 3 0 42 46 49 60
-2 1 1 3 1 46 49 54 60
-2 1 1 3 2 49 54 58 60
-2 1 1 3 3 54 58 60 61
-1 -1 -1 0 0 42 45 49 54
-1 -1 -1 0 1 45 49 54 55
-1 -1 -1 0 2 49 54 55 57
-1 -1 -1 0 3 54 55 57 61
-1 -1 -1 1 0 42 45 49 52
-1 -1 -1 1 1 45 49 52 54
-1 -1 -1 1 2 49 52 54 57
-1 -1 -1 1 3 52 54 57 61
-1 -1 -1 2 0 42 45 49 56
-1 -1 -1 2 1 45 49 54 56
-1 -1 -1 2 2 49 54 56 57
-1 -1 -1 2 3 54 56 57 61
-1 -1 -1 3 0 42 45 49 59
-1 -1 -1 3 1 45 49 54 59
-1 -1 -1 3 2 49 54 57 59
-1 -1 -1 3 3 54 57 59 61
-1 -1 0 0 0 42 46 49 54
-1 -1 0 0 1 46 49 54 55
-1 -1 0 0 2 49 54 55 58
-1 -1 0 0 3 54 55 58 61
-1 -1 0 1 0 42 46 49 52
-1 -1 0 1 1 46 49 52 54
-1 -1 0 1 2 49 52 54 58
-1 -1 0 1 3 52 54 58 61
-1 -1 0 2 0 42 46 49 56
-1 -1 0 2 1 46 49 54 56
-1 -1 0 2 2 49 54 56 58
-1 -1 0 2 3 54 56 58 61
-1 -1 0 3 0 42 46 49 59
-1 -1 0 3 1 46 49 54 59
-1 -1 0 3 2 49 54 58 59
-1 -1 0 3 3 54 58 59 61
-1 -1 1 0 0 42 46 49 54
-1 -1 1 0 1 46 49 54 55
-1 -1 1 0 2 49 54 55 58
-1 -1 1 0 3 54 55 58 61
-1 -1 1 1 0 42 46 49 52
-1 -1 1 1 1 46 49 52 54
-1 -1 1 1 2 49 52 54 58
-1 -1 1 1 3 52 54 58 61
-1 -1 1 2 0 42 46 49 56
-1 -1 1 2 1 46 49 54 56
-1 -1 1 2 2 49 54 56 58
-1 -1 1 2 3 54 56 58 61
-1 -1 1 3 0 42 46 49 59
-1 -1 1 3 1 46 49 54 59
-1 -1 1 3 2 49 54 58 59
-1 -1 1 3 3 54 58 59 61
-1 0 -1 0 0 43 46 50 55
-1 0 -1 0 1 46 50 55 57
-1 0 -1 0 2 50 55 57 58
-1 0 -1 0 3 55 57 58 62
-1 0 -1 1 0 43 46 50 53
-1 0 -1 1 1 46 50 53 55
-1 0 -1 1 2 50 53 55 58
-1 0 -1 1 3 53 55 58 62
-1 0 -1 2 0 43 46 50 57
-1 0 -1 2 1 46 50 55 57
-1 0 -1 2 2 50 55 57 58
-1 0 -1 2 3 55 57 58 62
-1 0 -1 3 0 43 46 50 60
-1 0 -1 3 1 46 50 55 60
-1 0 -1 3 2 50 55 58 60
-1 0 -1 3 3 55 58 60 62
-1 0 0 0 0 43 47 50 55
-1 0 0 0 1 47 50 55 57
-1 0 0 0 2 50 55 57 59
-1 0 0 0 3 55 57 59 62
-1 0 0 1 0 43 47 50 53
-1 0 0 1 1 47 50 53 55
-1 0 0 1 2 50 53 55 59
-1 0 0 1 3 53 55 59 62
-1 0 0 2 0 43 47 50 57
-1 0 0 2 1 47 50 55 57
-1 0 0 2 2 50 55 57 59
-1 0 0 2 3 55 57 59 62
-1 0 0 3 0 43 47 50 60
-1 0 0 3 1 47 50 55 60
-1 0 0 3 2 50 55 59 60
-1 0 0 3 3 55 59 60 62
-1 0 1 0 0 43 47 50 55
-1 0 1 0 1 47 50 55 57
-1 0 1 0 2 50 55 57 59
-1 0 1 0 3 55 57 59 62
-1 0 1 1 0 43 47 50 53
-1 0 1 1 1 47 50 53 55
-1 0 1 1 2 50 53 55 59
-1 0 1 1 3 53 55 59 62
-1 0 1 2 0 43 47 50 57
-1 0 1 2 1 47 50 55 57
-1 0 1 2 2 50 55 57 59
-1 0 1 2 3 55 57 59 62
-1 0 1 3 0 43 47 50 60
-1 0 1 3 1 47 50 55 60
-1 0 1 3 2 50 55 59 60
-1 0 1 3 3 55 59 60 62
-1 1 -1 0 0 44 47 51 56
-1 1 -1 0 1 47 51 56 57
-1 1 -1 0 2 51 56 57 59
-1 1 -1 0 3 56 57 59 63
-1 1 -1 1 0 44 47 51 54
-1 1 -1 1 1 47 51 54 56
-1 1 -1 1 2 51 54 56 59
-1 1 -1 1 3 54 56 59 63
-1 1 -1 2 0 44 47 51 58
-1 1 -1 2 1 47 51 56 58
-1 1 -1 2 2 51 56 58 59
-1 1 -1 2 3 56 58 59 63
-1 1 -1 3 0 44 47 51 61
-1 1 -1 3 1 47 51 56 61
-1 1 -1 3 2 51 56 59 61
-1 1 -1 3 3 56 59 61 63
-1 1 0 0 0 44 48 51 56
-1 1 0 0 1 48 51 56 57
-1 1 0 0 2 51 56 57 60
-1 1 0 0 3 56 57 60 63
-1 1 0 1 0 44 48 51 54
-1 1 0 1 1 48 51 54 56
-1 1 0 1 2 51 54 56 60
-1 1 0 1 3 54 56 60 63
-1 1 0 2 0 44 48 51 58
-1 1 0 2 1 48 51 56 58
-1 1 0 2 2 51 56 58 60
-1 1 0 2 3 56 58 60 63
-1 1 0 3 0 44 48 51 61
-1 1 0 3 1 48 51 56 61
-1 1 0 3 2 51 56 60 61
-1 1 0 3 3 56 60 61 63
-1 1 1 0 0 44 48 51 56
-1 1 1 0 1 48 51 56 57
-1 1 1 0 2 51 56 57 60
-1 1 1 0 3 56 57 60 63
-1 1 1 1 0 44 48 51 54
-1 1 1 1 1 48 51 54 56
-1 1 1 1 2 51 54 56 60
-1 1 1 1 3 54 56 60 63
-1 1 1 2 0 44 48 51 58
-1 1 1 2 1 48 51 56 58
-1 1 1 2 2 51 56 58 60
-1 1 1 2 3 56 58 60 63
-1 1 1 3 0 44 48 51 61
-1 1 1 3 1 48 51 56 61
-1 1 1 3 2 51 56 60 61
-1 1 1 3 3 56 60 61 63
0 -1 -1 0 0 44 47 51 56
0 -1 -1 0 1 47 51 56 57
0 -1 -1 0 2 51 56 57 59
0 -1 -1 0 3 56 57 59 63
0 -1 -1 1 0 44 47 51 54
0 -1 -1 1 1 47 51 54 56
0 -1 -1 1 2 51 54 56 59
0 -1 -1 1 3 54 56 59 63
0 -1 -1 2 0 44 47 51 58
0 -1 -1 2 1 47 51 56 58
0 -1 -1 2 2 51 56 58 59
0 -1 -1 2 3 56 58 59 63
0 -1 -1 3 0 44 47 51 61
0 -1 -1 3 1 47 51 56 61
0 -1 -1 3 2 51 56 59 61
0 -1 -1 3 3 56 59 61 63
0 -1 0 0 0 44 47 51 56
0 -1 0 0 1 47 51 56 57
0 -1 0 0 2 51 56 57 59
0 -1 0 0 3 56 57 59 63
0 -1 0 1 0 44 47 51 54
0 -1 0 1 1 47 51 54 56
0 -1 0 1 2 51 54 56 59
0 -1 0 1 3 54 56 59 63
0 -1 0 2 0 44 47 51 58
0 -1 0 2 1 47 51 56 58
0 -1 0 2 2 51 56 58 59
0 -1 0 2 3 56 58 59 63
0 -1 0 3 0 44 47 51 61
0 -1 0 3 1 47 51 56 61
0 -1 0 3 2 51 56 59 61
0 -1 0 3 3 56 59 61 63
0 -1 1 0 0 44 48 51 56
0 -1 1 0 1 48 51 56 57
0 -1 1 0 2 51 56 57 60
0 -1 1 0 3 56 57 60 63
0 -1 1 1 0 44 48 51 54
0 -1 1 1 1 48 51 54 56
0 -1 1 1 2 51 54 56 60
0 -1 1 1 3 54 56 60 63
0 -1 1 2 0 44 48 51 58
0 -1 1 2 1 48 51 56 58
0 -1 1 2 2 51 56 58 60
0 -1 1 2 3 56 58 60 63
0 -1 1 3 0 44 48 51 61
0 -1 1 3 1 48 51 56 61
0 -1 1 3 2 51 56 60 61
0 -1 1 3 3 56 60 61 63
0 0 -1 0 0 45 48 52 57
0 0 -1 0 1 48 52 57 59
0 0 -1 0 2 52 57 59 60
0 0 -1 0 3 57 59 60 64
0 0 -1 1 0 45 48 52 55
0 0 -1 1 1 48 52 55 57
0 0 -1 1 2 52 55 57 60
0 0 -1 1 3 55 57 60 64
0 0 -1 2 0 45 48 52 59
0 0 -1 2 1 48 52 57 59
0 0 -1 2 2 52 57 59 60
0 0 -1 2 3 57 59 60 64
0 0 -1 3 0 45 48 52 62
0 0 -1 3 1 48 52 57 62
0 0 -1 3 2 52 57 60 62
0 0 -1 3 3 57 60 62 64
0 0 0 0 0 45 48 52 57
0 0 0 0 1 48 52 57 59
0 0 0 0 2 52 57 59 60
0 0 0 0 3 57 59 60 64
0 0 0 1 0 45 48 52 55
0 0 0 1 1 48 52 55 57
0 0 0 1 2 52 55 57 60
0 0 0 1 3 55 57 60 64
0 0 0 2 0 45 48 52 59
0 0 0 2 1 48 52 57 59
0 0 0 2 2 52 57 59 60
0 0 0 2 3 57 59 60 64
0 0 0 3 0 45 48 52 62
0 0 0 3 1 48 52 57 62
0 0 0 3 2 52 57 60 62
0 0 0 3 3 57 60 62 64
0 0 1 0 0 45 49 52 57
0 0 1 0 1 49 52 57 59
0 0 1 0 2 52 57 59 61
0 0 1 0 3 57 59 61 64
0 0 1 1 0 45 49 52 55
0 0 1 1 1 49 52 55 57
0 0 1 1 2 52 55 57 61
0 0 1 1 3 55 57 61 64
0 0 1 2 0 45 49 52 59
0 0 1 2 1 49 52 57 59
0 0 1 2 2 52 57 59 61
0 0 1 2 3 57 59 61 64
0 0 1 3 0 45 49 52 62
0 0 1 3 1 49 52 57 62
0 0 1 3 2 52 57 61 62
0 0 1 3 3 57 61 62 64
0 1 -1 0 0 46 49 53 58
0 1 -1 0 1 49 53 58 59
0 1 -1 0 2 53 58 59 61
0 1 -1 0 3 58 59 61 65
0 1 -1 1 0 46 49 53 56
0 1 -1 1 1 49 53 56 58
0 1 -1 1 2 53 56 58 61
0 1 -1 1 3 56 58 61 65
0 1 -1 2 0 46 49 53 60
0 1 -1 2 1 49 53 58 60
0 1 -1 2 2 53 58 60 61
0 1 -1 2 3 58 60 61 65
0 1 -1 3 0 46 49 53 63
0 1 -1 3 1 49 53 58 63
0 1 -1 3 2 53 58 61 63
0 1 -1 3 3 58 61 63 65
0 1 0 0 0 46 49 53 58
0 1 0 0 1 49 53 58 59
0 1 0 0 2 53 58 59 61
0 1 0 0 3 58 59 61 65
0 1 0 1 0 46 49 53 56
0 1 0 1 1 49 53 56 58
0 1 0 1 2 53 56 58 61
0 1 0 1 3 56 58 61 65
0 1 0 2 0 46 49 53 60
0 1 0 2 1 49 53 58 60
0 1 0 2 2 53 58 60 61
0 1 0 2 3 58 60 61 65
0 1 0 3 0 46 49 53 63
0 1 0 3 1 49 53 58 63
0 1 0 3 2 53 58 61 63
0 1 0 3 3 58 61 63 65
0 1 1 0 0 46 50 53 58
0 1 1 0 1 50 53 58 59
0 1 1 0 2 53 58 59 62
0 1 1 0 3 58 59 62 65
0 1 1 1 0 46 50 53 56
0 1 1 1 1 50 53 56 58
0 1 1 1 2 53 56 58 62
0 1 1 1 3 56 58 62 65
0 1 1 2 0 46 50 53 60
0 1 1 2 1 50 53 58 60
0 1 1 2 2 53 58 60 62
0 1 1 2 3 58 60 62 65
0 1 1 3 0 46 50 53 63
0 1 1 3 1 50 53 58 63
0 1 1 3 2 53 58 62 63
0 1 1 3 3 58 62 63 65
1 -1 -1 0 0 46 49 52 58
1 -1 -1 0 1 49 52 58 59
1 -1 -1 0 2 52 58 59 61
1 -1 -1 0 3 58 59 61 64
1 -1 -1 1 0 46 49 52 56
1 -1 -1 1 1 49 52 56 58
1 -1 -1 1 2 52 56 58 61
1 -1 -1 1 3 56 58 61 64
1 -1 -1 2 0 46 49 52 59
1 -1 -1 2 1 49 52 58 59
1 -1 -1 2 2 52 58 59 61
1 -1 -1 2 3 58 59 61 64
1 -1 -1 3 0 46 49 52 63
1 -1 -1 3 1 49 52 58 63
1 -1 -1 3 2 52 58 61 63
1 -1 -1 3 3 58 61 63 64
1 -1 0 0 0 46 49 52 58
1 -1 0 0 1 49 52 58 59
1 -1 0 0 2 52 58 59 61
1 -1 0 0 3 58 59 61 64
1 -1 0 1 0 46 49 52 56
1 -1 0 1 1 49 52 56 58
1 -1 0 1 2 52 56 58 61
1 -1 0 1 3 56 58 61 64
1 -1 0 2 0 46 49 52 59
1 -1 0 2 1 49 52 58 59
1 -1 0 2 2 52 58 59 61
1 -1 0 2 3 58 59 61 64
1 -1 0 3 0 46 49 52 63
1 -1 0 3 1 49 52 58 63
1 -1 0 3 2 52 58 61 63
1 -1 0 3 3 58 61 63 64
1 -1 1 0 0 46 50 52 58
1 -1 1 0 1 50 52 58 59
1 -1 1 0 2 52 58 59 62
1 -1 1 0 3 58 59 62 64
1 -1 1 1 0 46 50 52 56
1 -1 1 1 1 50 52 56 58
1 -1 1 1 2 52 56 58 62
1 -1 1 1 3 56 58 62 64
1 -1 1 2 0 46 50 52 59
1 -1 1 2 1 50 52 58 59
1 -1 1 2 2 52 58 59 62
1 -1 1 2 3 58 59 62 64
1 -1 1 3 0 46 50 52 63
1 -1 1 3 1 50 52 58 63
1 -1 1 3 2 52 58 62 63
1 -1 1 3 3 58 62 63 64
1 0 -1 0 0 47 50 53 59
1 0 -1 0 1 50 53 59 60
1 0 -1 0 2 53 59 60 62
1 0 -1 0 3 59 60 62 65
1 0 -1 1 0 47 50 53 57
1 0 -1 1 1 50 53 57 59
1 0 -1 1 2 53 57 59 62
1 0 -1 1 3 57 59 62 65
1 0 -1 2 0 47 50 53 60
1 0 -1 2 1 50 53 59 60
1 0 -1 2 2 53 59 60 62
1 0 -1 2 3 59 60 62 65
1 0 -1 3 0 47 50 53 64
1 0 -1 3 1 50 53 59 64
1 0 -1 3 2 53 59 62 64
1 0 -1 3 3 59 62 64 65
1 0 0 0 0 47 50 53 59
1 0 0 0 1 50 53 59 60
1 0 0 0 2 53 59 60 62
1 0 0 0 3 59 60 62 65
1 0 0 1 0 47 50 53 57
1 0 0 1 1 50 53 57 59
1 0 0 1 2 53 57 59 62
1 0 0 1 3 57 59 62 65
1 0 0 2 0 47 50 53 60
1 0 0 2 1 50 53 59 60
1 0 0 2 2 53 59 60 62
1 0 0 2 3 59 60 62 65
1 0 0 3 0 47 50 53 64
1 0 0 3 1 50 53 59 64
1 0 0 3 2 53 59 62 64
1 0 0 3 3 59 62 64 65
1 0 1 0 0 47 51 53 59
1 0 1 0 1 51 53 59 60
1 0 1 0 2 53 59 60 63
1 0 1 0 3 59 60 63 65
1 0 1 1 0 47 51 53 57
1 0 1 1 1 51 53 57 59
1 0 1 1 2 53 57 59 63
1 0 1 1 3 57 59 63 65
1 0 1 2 0 47 51 53 60
1 0 1 2 1 51 53 59 60
1 0 1 2 2 53 59 60 63
1 0 1 2 3 59 60 63 65
1 0 1 3 0 47 51 53 64
1 0 1 3 1 51 53 59 64
1 0 1 3 2 53 59 63 64
1 0 1 3 3 59 63 64 65
1 1 -1 0 0 48 51 54 60
1 1 -1 0 1 51 54 60 62
1 1 -1 0 2 54 60 62 63
1 1 -1 0 3 60 62 63 66
1 1 -1 1 0 48 51 54 58
1 1 -1 1 1 51 54 58 60
1 1 -1 1 2 54 58 60 63
1 1 -1 1 3 58 60 63 66
1 1 -1 2 0 48 51 54 61
1 1 -1 2 1 51 54 60 61
1 1 -1 2 2 54 60 61 63
1 1 -1 2 3 60 61 63 66
1 1 -1 3 0 48 51 54 65
1 1 -1 3 1 51 54 60 65
1 1 -1 3 2 54 60 63 65
1 1 -1 3 3 60 63 65 66
1 1 0 0 0 48 51 54 60
1 1 0 0 1 51 54 60 62
1 1 0 0 2 54 60 62 63
1 1 0 0 3 60 62 63 66
1 1 0 1 0 48 51 54 58
1 1 0 1 1 51 54 58 60
1 1 0 1 2 54 58 60 63
1 1 0 1 3 58 60 63 66
1 1 0 2 0 48 51 54 61
1 1 0 2 1 51 54 60 61
1 1 0 2 2 54 60 61 63
1 1 0 2 3 60 61 63 66
1 1 0 3 0 48 51 54 65
1 1 0 3 1 51 54 60 65
1 1 0 3 2 54 60 63 65
1 1 0 3 3 60 63 65 66
1 1 1 0 0 48 52 54 60
1 1 1 0 1 52 54 60 62
1 1 1 0 2 54 60 62 64
1 1 1 0 3 60 62 64 66
1 1 1 1 0 48 52 54 58
1 1 1 1 1 52 54 58 60
1 1 1 1 2 54 58 60 64
1 1 1 1 3 58 60 64 66
1 1 1 2 0 48 52 54 61
1 1 1 2 1 52 54 60 61
1 1 1 2 2 54 60 61 64
1 1 1 2 3 60 61 64 66
1 1 1 3 0 48 52 54 65
1 1 1 3 1 52 54 60 65
1 1 1 3 2 54 60 64 65
1 1 1 3 3 60 64 65 66
2 -1 -1 0 0 47 50 54 59
2 -1 -1 0 1 50 54 59 60
2 -1 -1 0 2 54 59 60 62
2 -1 -1 0 3 59 60 62 66
2 -1 -1 1 0 47 50 54 58
2 -1 -1 1 1 50 54 58 59
2 -1 -1 1 2 54 58 59 62
2 -1 -1 1 3 58 59 62 66
2 -1 -1 2 0 47 50 54 61
2 -1 -1 2 1 50 54 59 61
2 -1 -1 2 2 54 59 61 62
2 -1 -1 2 3 59 61 62 66
2 -1 -1 3 0 47 50 54 64
2 -1 -1 3 1 50 54 59 64
2 -1 -1 3 2 54 59 62 64
2 -1 -1 3 3 59 62 64 66
2 -1 0 0 0 47 51 54 59
2 -1 0 0 1 51 54 59 60
2 -1 0 0 2 54 59 60 63
2 -1 0 0 3 59 60 63 66
2 -1 0 1 0 47 51 54 58
2 -1 0 1 1 51 54 58 59
2 -1 0 1 2 54 58 59 63
2 -1 0 1 3 58 59 63 66
2 -1 0 2 0 47 51 54 61
2 -1 0 2 1 51 54 59 61
2 -1 0 2 2 54 59 61 63
2 -1 0 2 3 59 61 63 66
2 -1 0 3 0 47 51 54 64
2 -1 0 3 1 51 54 59 64
2 -1 0 3 2 54 59 63 64
2 -1 0 3 3 59 63 64 66
2 -1 1 0 0 47 51 54 59
2 -1 1 0 1 51 54 59 60
2 -1 1 0 2 54 59 60 63
2 -1 1 0 3 59 60 63 66
2 -1 1 1 0 47 51 54 58
2 -1 1 1 1 51 54 58 59
2 -1 1 1 2 54 58 59 63
2 -1 1 1 3 58 59 63 66
2 -1 1 2 0 47 51 54 61
2 -1 1 2 1 51 54 59 61
2 -1 1 2 2 54 59 61 63
2 -1 1 2 3 59 61 63 66
2 -1 1 3 0 47 51 54 64
2 -1 1 3 1 51 54 59 64
2 -1 1 3 2 54 59 63 64
2 -1 1 3 3 59 63 64 66
2 0 -1 0 0 48 51 55 60
2 0 -1 0 1 51 55 60 62
2 0 -1 0 2 55 60 62 63
2 0 -1 0 3 60 62 63 67
2 0 -1 1 0 48 51 55 59
2 0 -1 1 1 51 55 59 60
2 0 -1 1 2 55 59 60 63
2 0 -1 1 3 59 60 63 67
2 0 -1 2 0 48 51 55 62
2 0 -1 2 1 51 55 60 62
2 0 -1 2 2 55 60 62 63
2 0 -1 2 3 60 62 63 67
2 0 -1 3 0 48 51 55 65
2 0 -1 3 1 51 55 60 65
2 0 -1 3 2 55 60 63 65
2 0 -1 3 3 60 63 65 67
2 0 0 0 0 48 52 55 60
2 0 0 0 1 52 55 60 62
2 0 0 0 2 55 60 62 64
2 0 0 0 3 60 62 64 67
2 0 0 1 0 48 52 55 59
2 0 0 1 1 52 55 59 60
2 0 0 1 2 55 59 60 64
2 0 0 1 3 59 60 64 67
2 0 0 2 0 48 52 55 62
2 0 0 2 1 52 55 60 62
2 0 0 2 2 55 60 62 64
2 0 0 2 3 60 62 64 67
2 0 0 3 0 48 52 55 65
2 0 0 3 1 52 55 60 65
2 0 0 3 2 55 60 64 65
2 0 0 3 3 60 64 65 67
2 0 1 0 0 48 52 55 60
2 0 1 0 1 52 55 60 62
2 0 1 0 2 55 60 62 64
2 0 1 0 3 60 62 64 67
2 0 1 1 0 48 52 55 59
2 0 1 1 1 52 55 59 60
2 0 1 1 2 55 59 60 64
2 0 1 1 3 59 60 64 67
2 0 1 2 0 48 52 55 62
2 0 1 2 1 52 55 60 62
2 0 1 2 2 55 60 62 64
2 0 1 2 3 60 62 64 67
2 0 1 3 0 48 52 55 65
2 0 1 3 1 52 55 60 65
2 0 1 3 2 55 60 64 65
2 0 1 3 3 60 64 65 67
2 1 -1 0 0 49 52 56 61
2 1 -1 0 1 52 56 61 62
2 1 -1 0 2 56 61 62 64
2 1 -1 0 3 61 62 64 68
2 1 -1 1 0 49 52 56 60
2 1 -1 1 1 52 56 60 61
2 1 -1 1 2 56 60 61 64
2 1 -1 1 3 60 61 64 68
2 1 -1 2 0 49 52 56 63
2 1 -1 2 1 52 56 61 63
2 1 -1 2 2 56 61 63 64
2 1 -1 2 3 61 63 64 68
2 1 -1 3 0 49 52 56 66
2 1 -1 3 1 52 56 61 66
2 1 -1 3 2 56 61 64 66
2 1 -1 3 3 61 64 66 68
2 1 0 0 0 49 53 56 61
2 1 0 0 1 53 56 61 62
2 1 0 0 2 56 61 62 65
2 1 0 0 3 61 62 65 68
2 1 0 1 0 49 53 56 60
2 1 0 1 1 53 56 60 61
2 1 0 1 2 56 60 61 65
2 1 0 1 3 60 61 65 68
2 1 0 2 0 49 53 56 63
2 1 0 2 1 53 56 61 63
2 1 0 2 2 56 61 63 65
2 1 0 2 3 61 63 65 68
2 1 0 3 0 49 53 56 66
2 1 0 3 1 53 56 61 66
2 1 0 3 2 56 61 65 66
2 1 0 3 3 61 65 66 68
2 1 1 0 0 49 53 56 61
2 1 1 0 1 53 56 61 62
2 1 1 0 2 56 61 62 65
2 1 1 0 3 61 62 65 68
2 1 1 1 0 49 53 56 60
2 1 1 1 1 53 56 60 61
2 1 1 1 2 56 60 61 65
2 1 1 1 3 60 61 65 68
2 1 1 2 0 49 53 56 63
2 1 1 2 1 53 56 61 63
2 1 1 2 2 56 61 63 65
2 1 1 2 3 61 63 65 68
2 1 1 3 0 49 53 56 66
2 1 1 3 1 53 56 61 66
2 1 1 3 2 56 61 65 66
2 1 1 3 3 61 65 66 68
3 -1 -1 0 0 49 52 56 61
3 -1 -1 0 1 52 56 61 62
3 -1 -1 0 2 56 61 62 64
3 -1 -1 0 3 61 62 64 68
3 -1 -1 1 0 49 52 56 59
3 -1 -1 1 1 52 56 59 61
3 -1 -1 1 2 56 59 61 64
3 -1 -1 1 3 59 61 64 68
3 -1 -1 2 0 49 52 56 63
3 -1 -1 2 1 52 56 61 63
3 -1 -1 2 2 56 61 63 64
3 -1 -1 2 3 61 63 64 68
3 -1 -1 3 0 49 52 56 66
3 -1 -1 3 1 52 56 61 66
3 -1 -1 3 2 56 61 64 66
3 -1 -1 3 3 61 64 66 68
3 -1 0 0 0 49 52 56 61
3 -1 0 0 1 52 56 61 62
3 -1 0 0 2 56 61 62 64
3 -1 0 0 3 61 62 64 68
3 -1 0 1 0 49 52 56 59
3 -1 0 1 1 52 56 59 61
3 -1 0 1 2 56 59 61 64
3 -1 0 1 3 59 61 64 68
3 -1 0 2 0 49 52 56 63
3 -1 0 2 1 52 56 61 63
3 -1 0 2 2 56 61 63 64
3 -1 0 2 3 61 63 64 68
3 -1 0 3 0 49 52 56 66
3 -1 0 3 1 52 56 61 66
3 -1 0 3 2 56 61 64 66
3 -1 0 3 3 61 64 66 68
3 -1 1 0 0 49 53 56 61
3 -1 1 0 1 53 56 61 62
3 -1 1 0 2 56 61 62 65
3 -1 1 0 3 61 62 65 68
3 -1 1 1 0 49 53 56 59
3 -1 1 1 1 53 56 59 61
3 -1 1 1 2 56 59 61 65
3 -1 1 1 3 59 61 65 68
3 -1 1 2 0 49 53 56 63
3 -1 1 2 1 53 56 61 63
3 -1 1 2 2 56 61 63 65
3 -1 1 2 3 61 63 65 68
3 -1 1 3 0 49 53 56 66
3 -1 1 3 1 53 56 61 66
3 -1 1 3 2 56 61 65 66
3 -1 1 3 3 61 65 66 68
3 0 -1 0 0 50 53 57 62
3 0 -1 0 1 53 57 62 64
3 0 -1 0 2 57 62 64 65
3 0 -1 0 3 62 64 65 69
3 0 -1 1 0 50 53 57 60
3 0 -1 1 1 53 57 60 62
3 0 -1 1 2 57 60 62 65
3 0 -1 1 3 60 62 65 69
3 0 -1 2 0 50 53 57 64
3 0 -1 2 1 53 57 62 64
3 0 -1 2 2 57 62 64 65
3 0 -1 2 3 62 64 65 69
3 0 -1 3 0 50 53 57 67
3 0 -1 3 1 53 57 62 67
3 0 -1 3 2 57 62 65 67
3 0 -1 3 3 62 65 67 69
3 0 0 0 0 50 53 57 62
3 0 0 0 1 53 57 62 64
3 0 0 0 2 57 62 64 65
3 0 0 0 3 62 64 65 69
3 0 0 1 0 50 53 57 60
3 0 0 1 1 53 57 60 62
3 0 0 1 2 57 60 62 65
3 0 0 1 3 60 62 65 69
3 0 0 2 0 50 53 57 64
3 0 0 2 1 53 57 62 64
3 0 0 2 2 57 62 64 65
3 0 0 2 3 62 64 65 69
3 0 0 3 0 50 53 57 67
3 0 0 3 1 53 57 62 67
3 0 0 3 2 57 62 65 67
3 0 0 3 3 62 65 67 69
3 0 1 0 0 50 54 57 62
3 0 1 0 1 54 57 62 64
3 0 1 0 2 57 62 64 66
3 0 1 0 3 62 64 66 69
3 0 1 1 0 50 54 57 60
3 0 1 1 1 54 57 60 62
3 0 1 1 2 57 60 62 66
3 0 1 1 3 60 62 66 69
3 0 1 2 0 50 54 57 64
3 0 1 2 1 54 57 62 64
3 0 1 2 2 57 62 64 66
3 0 1 2 3 62 64 66 69
3 0 1 3 0 50 54 57 67
3 0 1 3 1 54 57 62 67
3 0 1 3 2 57 62 66 67
3 0 1 3 3 62 66 67 69
3 1 -1 0 0 51 54 58 63
3 1 -1 0 1 54 58 63 64
3 1 -1 0 2 58 63 64 66
3 1 -1 0 3 63 64 66 70
3 1 -1 1 0 51 54 58 61
3 1 -1 1 1 54 58 61 63
3 1 -1 1 2 58 61 63 66
3 1 -1 1 3 61 63 66 70
3 1 -1 2 0 51 54 58 65
3 1 -1 2 1 54 58 63 65
3 1 -1 2 2 58 63 65 66
3 1 -1 2 3 63 65 66 70
3 1 -1 3 0 51 54 58 68
3 1 -1 3 1 54 58 63 68
3 1 -1 3 2 58 63 66 68
3 1 -1 3 3 63 66 68 70
3 1 0 0 0 51 54 58 63
3 1 0 0 1 54 58 63 64
3 1 0 0 2 58 63 64 66
3 1 0 0 3 63 64 66 70
3 1 0 1 0 51 54 58 61
3 1 0 1 1 54 58 61 63
3 1 0 1 2 58 61 63 66
3 1 0 1 3 61 63 66 70
3 1 0 2 0 51 54 58 65
3 1 0 2 1 54 58 63 65
3 1 0 2 2 58 63 65 66
3 1 0 2 3 63 65 66 70
3 1 0 3 0 51 54 58 68
3 1 0 3 1 54 58 63 68
3 1 0 3 2 58 63 66 68
3 1 0 3 3 63 66 68 70
3 1 1 0 0 51 55 58 63
3 1 1 0 1 55 58 63 64
3 1 1 0 2 58 63 64 67
3 1 1 0 3 63 64 67 70
3 1 1 1 0 51 55 58 61
3 1 1 1 1 55 58 61 63
3 1 1 1 2 58 61 63 67
3 1 1 1 3 61 63 67 70
3 1 1 2 0 51 55 58 65
3 1 1 2 1 55 58 63 65
3 1 1 2 2 58 63 65 67
3 1 1 2 3 63 65 67 70
3 1 1 3 0 51 55 58 68
3 1 1 3 1 55 58 63 68
3 1 1 3 2 58 63 67 68
3 1 1 3 3 63 67 68 70
4 -1 -1 0 0 51 54 58 63
4 -1 -1 0 1 54 58 63 64
4 -1 -1 0 2 58 63 64 66
4 -1 -1 0 3 63 64 66 70
4 -1 -1 1 0 51 54 58 61
4 -1 -1 1 1 54 58 61 63
4 -1 -1 1 2 58 61 63 66
4 -1 -1 1 3 61 63 66 70
4 -1 -1 2 0 51 54 58 64
4 -1 -1 2 1 54 58 63 64
4 -1 -1 2 2 58 63 64 66
4 -1 -1 2 3 63 64 66 70
4 -1 -1 3 0 51 54 58 68
4 -1 -1 3 1 54 58 63 68
4 -1 -1 3 2 58 63 66 68
4 -1 -1 3 3 63 66 68 70
4 -1 0 0 0 51 54 58 63
4 -1 0 0 1 54 58 63 64
4 -1 0 0 2 58 63 64 66
4 -1 0 0 3 63 64 66 70
4 -1 0 1 0 51 54 58 61
4 -1 0 1 1 54 58 61 63
4 -1 0 1 2 58 61 63 66
4 -1 0 1 3 61 63 66 70
4 -1 0 2 0 51 54 58 64
4 -1 0 2 1 54 58 63 64
4 -1 0 2 2 58 63 64 66
4 -1 0 2 3 63 64 66 70
4 -1 0 3 0 51 54 58 68
4 -1 0 3 1 54 58 63 68
4 -1 0 3 2 58 63 66 68
4 -1 0 3 3 63 66 68 70
4 -1 1 0 0 51 55 58 63
4 -1 1 0 1 55 58 63 64
4 -1 1 0 2 58 63 64 67
4 -1 1 0 3 63 64 67 70
4 -1 1 1 0 51 55 58 61
4 -1 1 1 1 55 58 61 63
4 -1 1 1 2 58 61 63 67
4 -1 1 1 3 61 63 67 70
4 -1 1 2 0 51 55 58 64
4 -1 1 2 1 55 58 63 64
4 -1 1 2 2 58 63 64 67
4 -1 1 2 3 63 64 67 70
4 -1 1 3 0 51 55 58 68
4 -1 1 3 1 55 58 63 68
4 -1 1 3 2 58 63 67 68
4 -1 1 3 3 63 67 68 70
4 0 -1 0 0 52 55 59 64
4 0 -1 0 1 55 59 64 65
4 0 -1 0 2 59 64 65 67
4 0 -1 0 3 64 65 67 71
4 0 -1 1 0 52 55 59 62
4 0 -1 1 1 55 59 62 64
4 0 -1 1 2 59 62 64 67
4 0 -1 1 3 62 64 67 71
4 0 -1 2 0 52 55 59 65
4 0 -1 2 1 55 59 64 65
4 0 -1 2 2 59 64 65 67
4 0 -1 2 3 64 65 67 71
4 0 -1 3 0 52 55 59 69
4 0 -1 3 1 55 59 64 69
4 0 -1 3 2 59 64 67 69
4 0 -1 3 3 64 67 69 71
4 0 0 0 0 52 55 59 64
4 0 0 0 1 55 59 64 65
4 0 0 0 2 59 64 65 67
4 0 0 0 3 64 65 67 71
4 0 0 1 0 52 55 59 62
4 0 0 1 1 55 59 62 64
4 0 0 1 2 59 62 64 67
4 0 0 1 3 62 64 67 71
4 0 0 2 0 52 55 59 65
4 0 0 2 1 55 59 64 65
4 0 0 2 2 59 64 65 67
4 0 0 2 3 64 65 67 71
4 0 0 3 0 52 55 59 69
4 0 0 3 1 55 59 64 69
4 0 0 3 2 59 64 67 69
4 0 0 3 3 64 67 69 71
4 0 1 0 0 52 56 59 64
4 0 1 0 1 56 59 64 65
4 0 1 0 2 59 64 65 68
4 0 1 0 3 64 65 68 71
4 0 1 1 0 52 56 59 62
4 0 1 1 1 56 59 62 64
4 0 1 1 2 59 62 64 68
4 0 1 1 3 62 64 68 71
4 0 1 2 0 52 56 59 65
4 0 1 2 1 56 59 64 65
4 0 1 2 2 59 64 65 68
4 0 1 2 3 64 65 68 71
4 0 1 3 0 52 56 59 69
4 0 1 3 1 56 59 64 69
4 0 1 3 2 59 64 68 69
4 0 1 3 3 64 68 69 71
4 1 -1 0 0 53 56 60 65
4 1 -1 0 1 56 60 65 67
4 1 -1 0 2 60 65 67 68
4 1 -1 0 3 65 67 68 72
4 1 -1 1 0 53 56 60 63
4 1 -1 1 1 56 60 63 65
4 1 -1 1 2 60 63 65 68
4 1 -1 1 3 63 65 68 72
4 1 -1 2 0 53 56 60 66
4 1 -1 2 1 56 60 65 66
4 1 -1 2 2 60 65 66 68
4 1 -1 2 3 65 66 68 72
4 1 -1 3 0 53 56 60 70
4 1 -1 3 1 56 60 65 70
4 1 -1 3 2 60 65 68 70
4 1 -1 3 3 65 68 70 72
4 1 0 0 0 53 56 60 65
4 1 0 0 1 56 60 65 67
4 1 0 0 2 60 65 67 68
4 1 0 0 3 65 67 68 72
4 1 0 1 0 53 56 60 63
4 1 0 1 1 56 60 63 65
4 1 0 1 2 60 63 65 68
4 1 0 1 3 63 65 68 72
4 1 0 2 0 53 56 60 66
4 1 0 2 1 56 60 65 66
4 1 0 2 2 60 65 66 68
4 1 0 2 3 65 66 68 72
4 1 0 3 0 53 56 60 70
4 1 0 3 1 56 60 65 70
4 1 0 3 2 60 65 68 70
4 1 0 3 3 65 68 70 72
4 1 1 0 0 53 57 60 65
4 1 1 0 1 57 60 65 67
4 1 1 0 2 60 65 67 69
4 1 1 0 3 65 67 69 72
4 1 1 1 0 53 57 60 63
4 1 1 1 1 57 60 63 65
4 1 1 1 2 60 63 65 69
4 1 1 1 3 63 65 69 72
4 1 1 2 0 53 57 60 66
4 1 1 2 1 57 60 65 66
4 1 1 2 2 60 65 66 69
4 1 1 2 3 65 66 69 72
4 1 1 3 0 53 57 60 70
4 1 1 3 1 57 60 65 70
4 1 1 3 2 60 65 69 70
4 1 1 3 3 65 69 70 72
5 -1 -1 0 0 52 55 59 64
5 -1 -1 0 1 55 59 64 65
5 -1 -1 0 2 59 64 65 67
5 -1 -1 0 3 64 65 67 71
5 -1 -1 1 0 52 55 59 63
5 -1 -1 1 1 55 59 63 64
5 -1 -1 1 2 59 63 64 67
5 -1 -1 1 3 63 64 67 71
5 -1 -1 2 0 52 55 59 66
5 -1 -1 2 1 55 59 64 66
5 -1 -1 2 2 59 64 66 67
5 -1 -1 2 3 64 66 67 71
5 -1 -1 3 0 52 55 59 70
5 -1 -1 3 1 55 59 64 70
5 -1 -1 3 2 59 64 67 70
5 -1 -1 3 3 64 67 70 71
5 -1 0 0 0 52 56 59 64
5 -1 0 0 1 56 59 64 65
5 -1 0 0 2 59 64 65 68
5 -1 0 0 3 64 65 68 71
5 -1 0 1 0 52 56 59 63
5 -1 0 1 1 56 59 63 64
5 -1 0 1 2 59 63 64 68
5 -1 0 1 3 63 64 68 71
5 -1 0 2 0 52 56 59 66
5 -1 0 2 1 56 59 64 66
5 -1 0 2 2 59 64 66 68
5 -1 0 2 3 64 66 68 71
5 -1 0 3 0 52 56 59 70
5 -1 0 3 1 56 59 64 70
5 -1 0 3 2 59 64 68 70
5 -1 0 3 3 64 68 70 71
5 -1 1 0 0 52 56 59 64
5 -1 1 0 1 56 59 64 65
5 -1 1 0 2 59 64 65 68
5 -1 1 0 3 64 65 68 71
5 -1 1 1 0 52 56 59 63
5 -1 1 1 1 56 59 63 64
5 -1 1 1 2 59 63 64 68
5 -1 1 1 3 63 64 68 71
5 -1 1 2 0 52 56 59 66
5 -1 1 2 1 56 59 64 66
5 -1 1 2 2 59 64 66 68
5 -1 1 2 3 64 66 68 71
5 -1 1 3 0 52 56 59 70
5 -1 1 3 1 56 59 64 70
5 -1 1 3 2 59 64 68 70
5 -1 1 3 3 64 68 70 71
5 0 -1 0 0 53 56 60 65
5 0 -1 0 1 56 60 65 67
5 0 -1 0 2 60 65 67 68
5 0 -1 0 3 65 67 68 72
5 0 -1 1 0 53 56 60 64
5 0 -1 1 1 56 60 64 65
5 0 -1 1 2 60 64 65 68
5 0 -1 1 3 64 65 68 72
5 0 -1 2 0 53 56 60 67
5 0 -1 2 1 56 60 65 67
5 0 -1 2 2 60 65 67 68
5 0 -1 2 3 65 67 68 72
5 0 -1 3 0 53 56 60 71
5 0 -1 3 1 56 60 65 71
5 0 -1 3 2 60 65 68 71
5 0 -1 3 3 65 68 71 72
5 0 0 0 0 53 57 60 65
5 0 0 0 1 57 60 65 67
5 0 0 0 2 60 65 67 69
5 0 0 0 3 65 67 69 72
5 0 0 1 0 53 57 60 64
5 0 0 1 1 57 60 64 65
5 0 0 1 2 60 64 65 69
5 0 0 1 3 64 65 69 72
5 0 0 2 0 53 57 60 67
5 0 0 2 1 57 60 65 67
5 0 0 2 2 60 65 67 69
5 0 0 2 3 65 67 69 72
5 0 0 3 0 53 57 60 71
5 0 0 3 1 57 60 65 71
5 0 0 3 2 60 65 69 71
5 0 0 3 3 65 69 71 72
5 0 1 0 0 53 57 60 65
5 0 1 0 1 57 60 65 67
5 0 1 0 2 60 65 67 69
5 0 1 0 3 65 67 69 72
5 0 1 1 0 53 57 60 64
5 0 1 1 1 57 60 64 65
5 0 1 1 2 60 64 65 69
5 0 1 1 3 64 65 69 72
5 0 1 2 0 53 57 60 67
5 0 1 2 1 57 60 65 67
5 0 1 2 2 60 65 67 69
5 0 1 2 3 65 67 69 72
5 0 1 3 0 53 57 60 71
5 0 1 3 1 57 60 65 71
5 0 1 3 2 60 65 69 71
5 0 1 3 3 65 69 71 72
5 1 -1 0 0 54 57 61 66
5 1 -1 0 1 57 61 66 67
5 1 -1 0 2 61 66 67 69
5 1 -1 0 3 66 67 69 73
5 1 -1 1 0 54 57 61 65
5 1 -1 1 1 57 61 65 66
5 1 -1 1 2 61 65 66 69
5 1 -1 1 3 65 66 69 73
5 1 -1 2 0 54 57 61 68
5 1 -1 2 1 57 61 66 68
5 1 -1 2 2 61 66 68 69
5 1 -1 2 3 66 68 69 73
5 1 -1 3 0 54 57 61 72
5 1 -1 3 1 57 61 66 72
5 1 -1 3 2 61 66 69 72
5 1 -1 3 3 66 69 72 73
5 1 0 0 0 54 58 61 66
5 1 0 0 1 58 61 66 67
5 1 0 0 2 61 66 67 70
5 1 0 0 3 66 67 70 73
5 1 0 1 0 54 58 61 65
5 1 0 1 1 58 61 65 66
5 1 0 1 2 61 65 66 70
5 1 0 1 3 65 66 70 73
5 1 0 2 0 54 58 61 68
5 1 0 2 1 58 61 66 68
5 1 0 2 2 61 66 68 70
5 1 0 2 3 66 68 70 73
5 1 0 3 0 54 58 61 72
5 1 0 3 1 58 61 66 72
5 1 0 3 2 61 66 70 72
5 1 0 3 3 66 70 72 73
5 1 1 0 0 54 58 61 66
5 1 1 0 1 58 61 66 67
5 1 1 0 2 61 66 67 70
5 1 1 0 3 66 67 70 73
5 1 1 1 0 54 58 61 65
5 1 1 1 1 58 61 65 66
5 1 1 1 2 61 65 66 70
5 1 1 1 3 65 66 70 73
5 1 1 2 0 54 58 61 68
5 1 1 2 1 58 61 66 68
5 1 1 2 2 61 66 68 70
5 1 1 2 3 66 68 70 73
5 1 1 3 0 54 58 61 72
5 1 1 3 1 58 61 66 72
5 1 1 3 2 61 66 70 72
5 1 1 3 3 66 70 72 73
6 -1 -1 0 0 54 57 61 66
6 -1 -1 0 1 57 61 66 67
6 -1 -1 0 2 61 66 67 69
6 -1 -1 0 3 66 67 69 73
6 -1 -1 1 0 54 57 61 64
6 -1 -1 1 1 57 61 64 66
6 -1 -1 1 2 61 64 66 69
6 -1 -1 1 3 64 66 69 73
6 -1 -1 2 0 54 57 61 68
6 -1 -1 2 1 57 61 66 68
6 -1 -1 2 2 61 66 68 69
6 -1 -1 2 3 66 68 69 73
6 -1 -1 3 0 54 57 61 71
6 -1 -1 3 1 57 61 66 71
6 -1 -1 3 2 61 66 69 71
6 -1 -1 3 3 66 69 71 73
6 -1 0 0 0 54 58 61 66
6 -1 0 0 1 58 61 66 67
6 -1 0 0 2 61 66 67 70
6 -1 0 0 3 66 67 70 73
6 -1 0 1 0 54 58 61 64
6 -1 0 1 1 58 61 64 66
6 -1 0 1 2 61 64 66 70
6 -1 0 1 3 64 66 70 73
6 -1 0 2 0 54 58 61 68
6 -1 0 2 1 58 61 66 68
6 -1 0 2 2 61 66 68 70
6 -1 0 2 3 66 68 70 73
6 -1 0 3 0 54 58 61 71
6 -1 0 3 1 58 61 66 71
6 -1 0 3 2 61 66 70 71
6 -1 0 3 3 66 70 71 73
6 -1 1 0 0 54 58 61 66
6 -1 1 0 1 58 61 66 67
6 -1 1 0 2 61 66 67 70
6 -1 1 0 3 66 67 70 73
6 -1 1 1 0 54 58 61 64
6 -1 1 1 1 58 61 64 66
6 -1 1 1 2 61 64 66 70
6 -1 1 1 3 64 66 70 73
6 -1 1 2 0 54 58 61 68
6 -1 1 2 1 58 61 66 68
6 -1 1 2 2 61 66 68 70
6 -1 1 2 3 66 68 70 73
6 -1 1 3 0 54 58 61 71
6 -1 1 3 1 58 61 66 71
6 -1 1 3 2 61 66 70 71
6 -1 1 3 3 66 70 71 73
6 0 -1 0 0 55 58 62 67
6 0 -1 0 1 58 62 67 69
6 0 -1 0 2 62 67 69 70
6 0 -1 0 3 67 69 70 74
6 0 -1 1 0 55 58 62 65
6 0 -1 1 1 58 62 65 67
6 0 -1 1 2 62 65 67 70
6 0 -1 1 3 65 67 70 74
6 0 -1 2 0 55 58 62 69
6 0 -1 2 1 58 62 67 69
6 0 -1 2 2 62 67 69 70
6 0 -1 2 3 67 69 70 74
6 0 -1 3 0 55 58 62 72
6 0 -1 3 1 58 62 67 72
6 0 -1 3 2 62 67 70 72
6 0 -1 3 3 67 70 72 74
6 0 0 0 0 55 59 62 67
6 0 0 0 1 59 62 67 69
6 0 0 0 2 62 67 69 71
6 0 0 0 3 67 69 71 74
6 0 0 1 0 55 59 62 65
6 0 0 1 1 59 62 65 67
6 0 0 1 2 62 65 67 71
6 0 0 1 3 65 67 71 74
6 0 0 2 0 55 59 62 69
6 0 0 2 1 59 62 67 69
6 0 0 2 2 62 67 69 71
6 0 0 2 3 67 69 71 74
6 0 0 3 0 55 59 62 72
6 0 0 3 1 59 62 67 72
6 0 0 3 2 62 67 71 72
6 0 0 3 3 67 71 72 74
6 0 1 0 0 55 59 62 67
6 0 1 0 1 59 62 67 69
6 0 1 0 2 62 67 69 71
6 0 1 0 3 67 69 71 74
6 0 1 1 0 55 59 62 65
6 0 1 1 1 59 62 65 67
6 0 1 1 2 62 65 67 71
6 0 1 1 3 65 67 71 74
6 0 1 2 0 55 59 62 69
6 0 1 2 1 59 62 67 69
6 0 1 2 2 62 67 69 71
6 0 1 2 3 67 69 71 74
6 0 1 3 0 55 59 62 72
6 0 1 3 1 59 62 67 72
6 0 1 3 2 62 67 71 72
6 0 1 3 3 67 71 72 74
6 1 -1 0 0 56 59 63 68
6 1 -1 0 1 59 63 68 69
6 1 -1 0 2 63 68 69 71
6 1 -1 0 3 68 69 71 75
6 1 -1 1 0 56 59 63 66
6 1 -1 1 1 59 63 66 68
6 1 -1 1 2 63 66 68 71
6 1 -1 1 3 66 68 71 75
6 1 -1 2 0 56 59 63 70
6 1 -1 2 1 59 63 68 70
6 1 -1 2 2 63 68 70 71
6 1 -1 2 3 68 70 71 75
6 1 -1 3 0 56 59 63 73
6 1 -1 3 1 59 63 68 73
6 1 -1 3 2 63 68 71 73
6 1 -1 3 3 68 71 73 75
6 1 0 0 0 56 60 63 68
6 1 0 0 1 60 63 68 69
6 1 0 0 2 63 68 69 72
6 1 0 0 3 68 69 72 75
6 1 0 1 0 56 60 63 66
6 1 0 1 1 60 63 66 68
6 1 0 1 2 63 66 68 72
6 1 0 1 3 66 68 72 75
6 1 0 2 0 56 60 63 70
6 1 0 2 1 60 63 68 70
6 1 0 2 2 63 68 70 72
6 1 0 2 3 68 70 72 75
6 1 0 3 0 56 60 63 73
6 1 0 3 1 60 63 68 73
6 1 0 3 2 63 68 72 73
6 1 0 3 3 68 72 73 75
6 1 1 0 0 56 60 63 68
6 1 1 0 1 60 63 68 69
6 1 1 0 2 63 68 69 72
6 1 1 0 3 68 69 72 75
6 1 1 1 0 56 60 63 66
6 1 1 1 1 60 63 66 68
6 1 1 1 2 63 66 68 72
6 1 1 1 3 66 68 72 75
6 1 1 2 0 56 60 63 70
6 1 1 2 1 60 63 68 70
6 1 1 2 2 63 68 70 72
6 1 1 2 3 68 70 72 75
6 1 1 3 0 56 60 63 73
6 1 1 3 1 60 63 68 73
6 1 1 3 2 63 68 72 73
6 1 1 3 3 68 72 73 75
7 -1 -1 0 0 56 59 63 68
7 -1 -1 0 1 59 63 68 69
7 -1 -1 0 2 63 68 69 71
7 -1 -1 0 3 68 69 71 75
7 -1 -1 1 0 56 59 63 66
7 -1 -1 1 1 59 63 66 68
7 -1 -1 1 2 63 66 68 71
7 -1 -1 1 3 66 68 71 75
7 -1 -1 2 0 56 59 63 70
7 -1 -1 2 1 59 63 68 70
7 -1 -1 2 2 63 68 70 71
7 -1 -1 2 3 68 70 71 75
7 -1 -1 3 0 56 59 63 73
7 -1 -1 3 1 59 63 68 73
7 -1 -1 3 2 63 68 71 73
7 -1 -1 3 3 68 71 73 75
7 -1 0 0 0 56 59 63 68
7 -1 0 0 1 59 63 68 69
7 -1 0 0 2 63 68 69 71
7 -1 0 0 3 68 69 71 75
7 -1 0 1 0 56 59 63 66
7 -1 0 1 1 59 63 66 68
7 -1 0 1 2 63 66 68 71
7 -1 0 1 3 66 68 71 75
7 -1 0 2 0 56 59 63 70
7 -1 0 2 1 59 63 68 70
7 -1 0 2 2 63 68 70 71
7 -1 0 2 3 68 70 71 75
7 -1 0 3 0 56 59 63 73
7 -1 0 3 1 59 63 68 73
7 -1 0 3 2 63 68 71 73
7 -1 0 3 3 68 71 73 75
7 -1 1 0 0 56 60 63 68
7 -1 1 0 1 60 63 68 69
7 -1 1 0 2 63 68 69 72
7 -1 1 0 3 68 69 72 75
7 -1 1 1 0 56 60 63 66
7 -1 1 1 1 60 63 66 68
7 -1 1 1 2 63 66 68 72
7 -1 1 1 3 66 68 72 75
7 -1 1 2 0 56 60 63 70
7 -1 1 2 1 60 63 68 70
7 -1 1 2 2 63 68 70 72
7 -1 1 2 3 68 70 72 75
7 -1 1 3 0 56 60 63 73
7 -1 1 3 1 60 63 68 73
7 -1 1 3 2 63 68 72 73
7 -1 1 3 3 68 72 73 75
7 0 -1 0 0 57 60 64 69
7 0 -1 0 1 60 64 69 71
7 0 -1 0 2 64 69 71 72
7 0 -1 0 3 69 71 72 76
7 0 -1 1 0 57 60 64 67
7 0 -1 1 1 60 64 67 69
7 0 -1 1 2 64 67 69 72
7 0 -1 1 3 67 69 72 76
7 0 -1 2 0 57 60 64 71
7 0 -1 2 1 60 64 69 71
7 0 -1 2 2 64 69 71 72
7 0 -1 2 3 69 71 72 76
7 0 -1 3 0 57 60 64 74
7 0 -1 3 1 60 64 69 74
7 0 -1 3 2 64 69 72 74
7 0 -1 3 3 69 72 74 76
7 0 0 0 0 57 60 64 69
7 0 0 0 1 60 64 69 71
7 0 0 0 2 64 69 71 72
7 0 0 0 3 69 71 72 76
7 0 0 1 0 57 60 64 67
7 0 0 1 1 60 64 67 69
7 0 0 1 2 64 67 69 72
7 0 0 1 3 67 69 72 76
7 0 0 2 0 57 60 64 71
7 0 0 2 1 60 64 69 71
7 0 0 2 2 64 69 71 72
7 0 0 2 3 69 71 72 76
7 0 0 3 0 57 60 64 74
7 0 0 3 1 60 64 69 74
7 0 0 3 2 64 69 72 74
7 0 0 3 3 69 72 74 76
7 0 1 0 0 57 61 64 69
7 0 1 0 1 61 64 69 71
7 0 1 0 2 64 69 71 73
7 0 1 0 3 69 71 73 76
7 0 1 1 0 57 61 64 67
7 0 1 1 1 61 64 67 69
7 0 1 1 2 64 67 69 73
7 0 1 1 3 67 69 73 76
7 0 1 2 0 57 61 64 71
7 0 1 2 1 61 64 69 71
7 0 1 2 2 64 69 71 73
7 0 1 2 3 69 71 73 76
7 0 1 3 0 57 61 64 74
7 0 1 3 1 61 64 69 74
7 0 1 3 2 64 69 73 74
7 0 1 3 3 69 73 74 76
7 1 -1 0 0 58 61 65 70
7 1 -1 0 1 61 65 70 71
7 1 -1 0 2 65 70 71 73
7 1 -1 0 3 70 71 73 77
7 1 -1 1 0 58 61 65 68
7 1 -1 1 1 61 65 68 70
7 1 -1 1 2 65 68 70 73
7 1 -1 1 3 68 70 73 77
7 1 -1 2 0 58 61 65 72
7 1 -1 2 1 61 65 70 72
7 1 -1 2 2 65 70 72 73
7 1 -1 2 3 70 72 73 77
7 1 -1 3 0 58 61 65 75
7 1 -1 3 1 61 65 70 75
7 1 -1 3 2 65 70 73 75
7 1 -1 3 3 70 73 75 77
7 1 0 0 0 58 61 65 70
7 1 0 0 1 61 65 70 71
7 1 0 0 2 65 70 71 73
7 1 0 0 3 70 71 73 77
7 1 0 1 0 58 61 65 68
7 1 0 1 1 61 65 68 70
7 1 0 1 2 65 68 70 73
7 1 0 1 3 68 70 73 77
7 1 0 2 0 58 61 65 72
7 1 0 2 1 61 65 70 72
7 1 0 2 2 65 70 72 73
7 1 0 2 3 70 72 73 77
7 1 0 3 0 58 61 65 75
7 1 0 3 1 61 65 70 75
7 1 0 3 2 65 70 73 75
7 1 0 3 3 70 73 75 77
7 1 1 0 0 58 62 65 70
7 1 1 0 1 62 65 70 71
7 1 1 0 2 65 70 71 74
7 1 1 0 3 70 71 74 77
7 1 1 1 0 58 62 65 68
7 1 1 1 1 62 65 68 70
7 1 1 1 2 65 68 70 74
7 1 1 1 3 68 70 74 77
7 1 1 2 0 58 62 65 72
7 1 1 2 1 62 65 70 72
7 1 1 2 2 65 70 72 74
7 1 1 2 3 70 72 74 77
7 1 1 3 0 58 62 65 75
7 1 1 3 1 62 65 70 75
7 1 1 3 2 65 70 74 75
7 1 1 3 3 70 74 75 77
